<?xml version="1.0"?>
<opencv_storage>
<CalibrationData>
  <camera_matrix type_id="opencv-matrix">
    <rows>3</rows>
    <cols>3</cols>
    <dt>d</dt>
    <data>
      9.0542587820921153e+02 0. 9.6607707573847927e+02 0.
      9.1049036876362936e+02 5.8887089878018821e+02 0. 0. 1.</data></camera_matrix>
  <distortion_coefficients type_id="opencv-matrix">
    <rows>12</rows>
    <cols>1</cols>
    <dt>d</dt>
    <data>
      -1.5860214082479378e+00 9.9521159766751244e-01
      3.2394129398135171e-02 6.4535880740477771e-03
      -2.2080639956182174e-01 -1.5638796071217738e+00
      9.7001751169394845e-01 -2.1219390583063386e-01
      -8.8123864434871794e-03 2.8832796493227433e-04
      -3.3732262019893079e-02 -1.5262560774534854e-03</data></distortion_coefficients>
  <flag>49152</flag>
  <imageSize>
    1920 1080</imageSize></CalibrationData>
</opencv_storage>
